1
23
87,221436 34,241455
33,236755 128,237183
24,232361 236,239380
22,231384 390,237488
39,218872 460,238525
67,232544 480,235840
122,217651 485,235168
183,226624 492,238403
228,227783 482,239746
285,234741 477,240417
299,220703 391,239441
308,225098 312,241699
310,226074 192,236938
306,224121 75,238037
350,224854 54,238770
464,217896 68,245239
465,218384 179,242859
460,215942 294,237854
464,217896 398,232239
521,224854 443,236633
605,224243 407,239380
611,227173 190,243469
614,228638 37,247314
