1
27
87,221436 34,241455
33,236755 128,237183
24,232361 236,239380
22,231384 390,237488
39,218872 460,238525
67,232544 480,235840
122,217651 485,235168
261,223022 489,232544
435,224609 480,235840
530,229248 459,236572
579,211548 349,240906
582,213013 138,235840
573,229492 68,245239
366,232666 53,247253
231,229248 55,240723
174,222229 94,243835
131,222046 206,243408
116,235596 263,239929
128,220581 342,237671
150,231323 397,240723
336,218018 417,238037
418,216309 414,232178
487,229126 328,241638
494,211670 186,235657
436,225098 141,241699
345,222412 133,236511
278,231323 146,241028
