2
11
16,228455 20,245422
29,234802 193,238892
31,235779 418,239990
62,230103 497,237732
183,226624 529,237610
425,219727 521,232422
543,214844 498,239685
598,220825 457,232666
576,210083 248,241943
590,216919 93,241882
590,216919 41,244690
12
556,221191 37,247314
552,219238 146,241028
540,213379 295,239807
529,228760 406,237427
449,231445 467,231323
334,217041 485,235168
182,226135 462,231995
117,236084 434,239929
89,222412 327,239685
73,235474 230,238098
87,221436 150,238403
72,234985 31,246033
